
1
2
3
5
4
7
6
9
8
11
13
10
15
12
17
19
14
21
16
23
18
27
20
29
22
31
33
24
35
26
37
28
39
41
30
43
32
45
47
34
49
36
38
1
2
3
5
4
7
6
9
11
8
13
10
15
17
12
19
14
23
16
25
18
27
29
20
31
22
33
35
24
37
26
39
41
28
43
30
45
47
32
49
34
36
38
2
4
6
8
10
12
14
16
18
20
22
24
26
28
30
32
34
36
38
40
42
44
46
48
50
1
3
5
7
9
11
13
15
17
19
21
23
25
27
29
31
33
35
37
39
41
43
45
47
49
1
2
3
4
5
6
7
8
9
10
11
12
13
14
15
16
17
18
19
20
21
22
23
24
25
26
27
28
29
30
31
32
33
34
35
36
37
38
39
40
41
42
43
44
45
46
47
48
49
50